38214
9267
53453
59024
36317
12844
1637
2856
46857
36848
6859
5361
55287
2738
59056
47977
34540
36414
3363
12007
30278
37785
22600
5887
2341
32811
48361
42483
21081
53115
42252
16704
49745
44724
41950
34521
3250
63572
63881
9791
49558
58582
49998
64090
55948
62011
32423
36815
1277
25829
48300
12488
52393
51233
53370
13807
19962
12460
42882
43565
47803
61201
18526
54924
33109
22518
4981
33540
10321
19682
27590
15018
6905
1398
62565
43986
31061
1865
54376
61794
4956
20046
11777
47125
46456
61636
4528
29527
53622
23696
4933
16204
60204
202
22182
21369
27021
27006
30149
41255
64505
42291
17073
7241
30281
8308
53166
23568
15708
58062
46815
31467
20163
28587
43756
2970
57968
11151
29850
25534
14745
32845
42724
37520
37906
35029
13819
61007
33332
35717
26002
60085
63050
14503
2846
49348
703
34439
14368
37470
6942
9449
2855
1335
51848
11191
39472
38529
3103
44024
53977
3460
1477
47977
27250
50673
42328
2584
56822
64650
12537
60133
22080
45249
62823
21423
33734
1517
61298
56494
7517
46366
14309
22588
17011
6080
37266
43305
10769
33046
18559
63089
4138
3012
29938
62250
31021
7966
7745
25089
39969
53255
60794
16401
62676
55615
30728
39908
50420
20766
21516
20325
13301
64844
25638
58935
3324
21066
11351
31272
2010
53893
46738
19709
32913
51763
4333
13898
24650
57215
53829
30043
21855
52507
14785
14078
54790
62789
25501
50453
34097
34721
65163
18128
39601
21249
51924
40049
51689
20357
43985
58553
42096
39839
65271
52413
43907
23046
24210
57767
43709
17722
41707
44572
50258
14779
24506
47135
61766
41037
57183
14171
64230
57357
42484
7153
60642
37616
21950
17143
13366
32947
47485
19508
34261
43674
10633
48262
60428
24529
13057
1525
6658
13620
44706
51770
13517
17822
29616
37455
26827
43131
50287
9771
56080
3245
532
20189
16805
48366
18155
50076
52387
33352
11347
15288
9650
18388
18424
35953
28160
39532
11741
36467
3050
3601
62620
31612
15416
52059
7108
1481
7830
32728
8945
39014
62689
16093
18483
48615
38959
35696
34542
25166
32924
27017
41661
37269
56550
31637
30048
1645
2079
33487
55428
43160
36196
9272
60839
22604
61179
19089
40043
45076
38532
30363
23586
57710
60019
33646
36051
24025
12570
62478
10311
34408
3616
35635
41367
19401
23564
23761
43750
12241
29506
34046
59979
60617
39492
26324
39433
40329
4841
39682
43493
22779
42320
15974
20852
2870
34409
63496
35432
62240
21674
4360
40888
38147
42161
15129
47141
30055
12548
59627
59729
23538
24195
20960
12723
51211
2578
44503
33879
16729
52907
55483
32440
8315
27811
13964
10410
45396
11935
22927
19730
19459
1563
62403
12704
23621
17208
1226
10509
46354
55683
58483
14244
61357
57451
51753
41642
42673
43472
12539
14674
55035
22056
2355
46890
36279
9246
333
9455
52501
62419
27519
17240
31696
9193
57422
5207
36793
21236
56622
38994
64618
58004
17647
63161
22016
50454
568
2494
24596
709
42949
46270
50072
5102
63853
29113
65257
12125
57889
5360
62092
48715
47185
13281
38676
29977
29155
51077
54686
65376
52524
15950
55423
38187
41876
2521
42393
14689
57083
58461
25407
20042
37509
17214
17433
53152
54557
13465
64084
266
25841
54777
32422
6023
10976
38958
28872
9095
10346
8319
58680
51999
38218
8108
58180
44969
14610
21590
30570
21269
52174
56842
9381
5775
11355
22831
50162
20830
63173
6187
57398
19170
52830
27659
13883
4322
197
56404
55429
9004
57083
35743
13859
57830
51792
51810
54783
44137
57933
3114
28214
62990
2403
29340
19666
1127
34359
56958
1275
555
28890
46712
32188
64190
54531
12026
54818
51010
38335
953
55733
1641
43869
670
49317
42854
60138
6059
48317
5447
44580
24968
61225
38501
5533
13683
10269
23061
19161
28552
38974
2400
53224
24491
239
33955
9140
35973
5185
960
34831
12999
31688
48979
42638
14319
20225
821
61002
29440
51908
25647
29746
64383
35688
22429
44149
15797
55128
39698
43994
4845
10185
26380
38317
5002
52652
63940
9412
57198
37278
31059
46561
40365
33633
52731
7742
30490
57287
59834
52168
9746
20483
61601
62610
51599
39586
2251
57823
14216
49542
57560
63397
58481
4484
35685
60742
49138
45970
27793
38466
56217
15732
8055
37798
23575
46221
23478
44885
47634
39207
41492
31623
10697
20359
27199
154
43587
34464
32191
54438
39499
50825
23726
22656
13519
54013
60208
6212
17487
1271
8642
26433
3871
43332
10717
23421
41446
5618
50029
51576
29588
52548
18694
61461
64564
14057
24663
11432
26316
18398
50481
31315
33743
45782
34414
15499
40602
50750
4395
5338
47639
3799
3676
24085
63602
52708
7436
38290
56555
46337
1762
7041
36476
36740
4322
35085
64397
14019
22123
35544
33693
37653
48103
1036
47253
29737
30804
59073
36881
44959
44147
64758
33347
29125
8896
1944
12651
49559
32789
31102
14242
27433
45307
26894
8740
23267
48753
32444
50734
48162
58812
61136
26115
14290
31971
23672
18691
36658
63428
43261
51709
40085
7159
40553
38861
56292
58034
28521
12142
57112
43829
43181
236
9226
42253
18680
23483
18759
58077
50879
8074
35576
27604
14972
20156
12294
11915
16032
23457
22090
43798
18169
21384
37767
63194
52229
42787
41937
51812
8499
6270
56754
13188
49598
30919
9380
23333
19675
7326
23500
21149
61862
55852
63883
50704
13267
43415
57497
44242
26065
40019
24871
64607
595
25371
38049
4574
59330
27302
50329
129
62184
11611
23120
29597
19684
33289
54157
2387
4501
52661
21534
22876
33176
18090
52460
39465
25495
12810
2811
36964
22143
53393
50570
10556
53133
48181
27552
33236
9694
52260
47786
54581
6155
18584
20875
45383
33100
47389
33311
14835
47308
59341
40645
10983
14835
42919
13922
43969
32023
27854
61367
4816
16419
4260
37107
65434
13326
579
53931
6909
2303
19280
49606
36408
65003
62137
2755
24610
25464
28599
46764
20216
19307
45293
52857
4370
59375
10949
29157
48874
52981
63095
8708
20399
30757
9693
850
51077
19751
32895
26146
60797
38743
10556
62451
65495
28904
35658
62508
334
48296
3475
30639
29236
34088
44726
10358
54952
9278
59045
34185
34735
15586
9999
35928
25299
3509
36306
2747
55786
32786
59080
59759
16062
51396
55510
51568
29442
35511
1786
61410
8214
27448
